0.0
0.0
0.0
0.0
0.0
0.0
0.0
0.0
0.0
0.0
0.0
0.0
-0.0018808801636056634
-0.021178685133305775
-0.01898474531018182
-0.0007910310545909095
0.0
0.0
0.0
0.0
0.0
0.0
0.0
0.0
0.0
0.0
0.0
0.0
0.0
0.0
0.0
0.0
0.00029944094803879736
0.0011469574959906013
0.024323158253463553
0.0432397230073324
0.0498120709447528
0.026847654097129383
0.01591171339216884
0.0019739179028491816
-0.04322897293725892
-0.010292818061183994
0.1638797452709871
0.044018184789478464
-0.17003999027148003
-0.02031758479031018
0.09800672841431736
0.06532589502504779
0.09817332752427212
0.028797434774952925
-0.007218844747558452
0.012252688650676398
0.0
0.0
0.0
0.0
0.0
0.0
-0.0005790234352343597
-0.0007035444492559585
0.011028002557266353
0.01047770221598256
0.10770366627774293
0.1737135258517768
0.2227945961005638
0.4208621288422168
0.3197783050252406
0.21736940007090333
0.2512043401341603
0.26662278773761267
0.2311630312853893
0.17122007644229323
0.3242956068935424
0.18744159472456806
0.2505346555875246
0.1796555046933
0.26956443046046974
0.1931008833249063
0.16624088617546476
-0.04525019444245364
-0.041473125906894184
-0.031225739200211808
0.0
0.0
0.0
0.0
-0.0065208504859551285
0.00310876725652717
0.004111102493940171
0.01838688020233719
0.18336253990940227
0.06072407551809408
0.19250932095538026
0.13926462212759952
0.14811713277151056
-0.029689422295761325
0.03279886204536775
0.059276781628767684
0.10950933592884497
0.11875634912290607
0.11524107590361406
0.12927701929311858
0.2972650727039333
0.24697622629805016
0.3366067813997095
0.37465693680170914
0.5315997970661952
0.3292123435571454
0.29372745685075347
0.0006158756568421422
0.011232453729802647
0.0
0.0
0.0011884533958909668
-0.012461210662235154
0.03257983009166975
0.14494381459370856
0.11650274494696977
-0.04034559143919511
0.06696867483436565
-0.020283059766799772
0.048504949822723395
0.06031290912367753
0.07927327056824336
-0.09847839099797878
-0.09600580424074885
0.035660377184815954
-0.07469129163410239
-0.006173474783212109
-0.05262866991440258
-0.05563673792771416
-0.06960791202629751
-0.03918703887738793
-0.00544629262407954
-0.03560746940013917
0.18182777760948637
0.25161184772053424
0.09827251837610741
0.0431610605530815
0.01416767529927212
0.0
0.0
0.009442467324613435
-0.005904814207159032
0.01339859941867722
-0.08934717980916058
-0.028962382737482542
-0.04329783592812782
0.08927988787463374
-0.0016166365481146423
0.02963126570308267
-0.0054246687958224744
0.13371967552722125
-0.08337809459468308
0.008834314607368426
-0.09020403702325695
-0.05628725868620933
-0.025917232588754
0.047444878197412624
-0.01987993247243018
0.04818353783133002
-0.017795194267004367
0.05920750961022881
-0.016616562280866415
0.12267010694422571
0.35185612320610526
0.1887244830568682
0.022450706543241057
0.0
-0.0001979037354968429
-0.04404211205215283
-0.09706927432476134
-0.00589102220323091
0.1746164320771737
0.029154717915210165
0.032552356653411496
-0.039140371010983235
0.05145506267997463
0.025212527074219677
0.03583246239742872
-0.009237398690223171
0.01569830193396477
0.02554356381489385
0.068981123461715
0.05758318693444248
0.11816888278365133
-0.01461372314371216
0.05352717257148966
-0.06444309492312844
-0.03167091268322573
0.0013896615276973662
0.02572904596719316
0.04513720247425638
0.15253441207250185
0.05586528310412963
0.0641743270722609
-0.005468170275249958
-0.037784136725344
0.1431055612367169
0.02568327826485056
-0.13501582970452472
-0.028228817026508955
-0.06407587838266278
-0.02953372248107502
0.07947459169187772
-0.04112358430238725
0.04477178246847433
-0.009640602042391411
0.021499943545283423
0.0022295024546338236
0.006776810569582711
0.10337862340127103
0.053131039815749494
-0.07185836861087172
-0.011503846983803563
-0.1349486239514239
0.05697093161274315
0.025834519758231034
-0.1511155057539898
0.09284316453170137
0.2388448773239829
-0.021589154977295397
0.0029871446731585304
0.032611683193897116
-0.02914576124401773
-0.1378322064581131
0.1176256383553045
0.013076318603204039
0.051719119903172954
-0.07459768783453721
-0.042142566886572815
0.05525708446460645
0.04322001969445647
-0.0022957771234560142
0.027599539010224043
0.047170276507229054
0.024552585961236984
0.03913714494989087
-0.025051594136056204
-0.031004880063822196
-0.00021170820650075664
-0.09806439723127433
-0.051814372714355975
0.009875409952501454
-0.11126278274316943
0.022720749058106986
0.03189485515359788
0.08283641290899225
0.32088328804297195
0.29769225254419607
-0.008766108688602501
0.0022246486476103027
0.0048286663854416765
-0.04382624995653851
-0.015074758889836802
0.08361283808336169
-0.12518616727011794
0.04256082471739275
0.03266253093012679
-0.04792559462335103
0.04103109823908995
0.06755357502562204
0.04179320906641714
0.10115482139682566
0.11622426654813856
-0.05819939173853492
-0.03850525054186598
-0.08212229724451633
-0.05598188048886568
-0.03572301301004857
-0.06794670593446289
-0.08292515467004266
0.019678906193124145
0.013818015645337968
-0.04554846835352138
-0.0002138450113828322
0.3328881460257889
0.22063713575835064
0.012945019376140374
0.03306220467508446
0.007552691315078571
0.08111649849336296
0.11546210321214243
0.01166366221019311
0.11308391469880585
-0.07727190931246149
0.09344316438565715
-0.013521709182797093
0.08854004612852583
0.00023762885972509774
0.14675746603995704
0.08618849477148528
0.04400133028224444
-0.016509927282178823
-0.2094675902503949
-0.13857828783077267
-0.010503992167023114
-0.09226523678004671
-0.02104293308168454
0.0512988906993439
-0.12424603374623351
-0.07218485705045831
-0.005802699324339277
-0.03336603459370414
0.0521801746455936
0.40791643557295904
0.12817950047633248
-0.002347520514700885
0.009042238516566228
0.03870543394718817
0.11486238145844195
-0.12197267079633245
-0.16206525216477977
0.1367017339976776
0.019052904199560815
0.16613995324145284
0.14145547158018199
0.14939856070760116
0.06298476302983147
0.09105730681310475
0.197370276250974
0.196564847532117
-0.06580217617617147
-0.07946185755846225
0.011930538308040424
0.08943035316136147
0.036294965945326656
-0.05533424348533901
0.0894525044638962
-0.04162074034261733
0.07171799642660899
-0.20462052206655013
0.12404207173788441
0.45056767623513994
0.08881001481733866
0.00030756547422675464
0.0014133165973954816
0.03791743937997134
0.06540289307052549
-0.14632606883289817
0.18471358854702224
0.17203696105258254
0.1353458110130965
0.05587326887798908
-0.06394887673091665
0.061878756588162796
0.009665613224070006
0.10892859744257735
0.0977159273221994
0.17012245594035996
-0.14183447955945092
0.0695526998626661
0.1494688934565412
0.10640262286679779
0.06829326670744533
0.10842860519724659
-0.033610446855467616
0.053339896404328756
0.06422556029212849
-0.11457681585309418
-0.16153279138254592
-0.006023624334524309
-0.007948891424857446
0.0006409059352840261
-0.0007021140682164682
0.06537828613658274
0.01940437266168539
0.07926275141231133
0.32806354246371877
0.15248785099383738
0.030723310045658207
0.04045384302294858
0.1127645639231857
0.002992009808808294
0.006346852091300681
-0.018371098720034798
0.2811356201395391
0.053703534185729714
-0.1664610864713505
0.21172844702041715
0.0893996789268296
0.0911367447165699
0.0877924329489265
0.10585463620360985
0.08160618355750668
0.016905995299670063
-0.11015163691410525
-0.19843671836443735
0.154992106810672
-0.048868571341926466
-0.17282012401369856
-0.058587374903864356
0.0008677716780644022
0.0285353487606866
0.0606480653963922
0.17786225492775662
0.11726763161026174
-0.050194366849383304
-0.0933988806609673
-0.1276434454533506
-0.0634715088207423
-0.030954834397510796
-0.16360687431441526
0.07860455913120526
0.23235044109082512
-0.13528946075642592
0.1460215574841546
-0.07766285835298749
0.1813428922218332
0.07228206870126022
-0.006888916224905981
0.008124506584531106
-0.06791517574530259
-0.1590182139383436
-0.05211442597503315
-0.06437754248639395
0.06407491790113397
0.0740473238643395
-0.23138698166311808
-0.009029238173602214
0.0009329392371217392
-0.0038169521855716143
0.02376425351867667
0.07396583702913655
-0.1037841584604661
-0.24601294777104246
-0.01767029723238553
-0.06346657138665586
-0.10115922591433309
-0.04520533145604634
-0.00824851623227513
0.031176868705878213
0.12975626748067806
-0.08211879611957705
0.03399569953990258
-0.013577536894690075
0.18040555004927727
0.055551007589247345
0.030500935455742683
-0.02536419622906893
-0.04245257284751412
0.022056950731772242
0.049957864584362605
-0.021607739821227868
0.04338959471475421
0.1568510323366695
-0.3249141416857585
-0.016202867445947795
0.003707437760120065
-0.009822264025546005
-0.026724166503879307
0.20891397063119244
0.16441530665743168
-0.04283071084750083
-0.04157230733077067
0.0027663773326926638
-0.04451513441511827
-0.06760547150312264
0.015902749535616895
0.09337630005529124
0.12878663598455317
-0.06021547461788271
-0.08031731973319389
0.09115129239353789
0.13996497962300924
0.016356925224112466
-0.10591565640062926
-0.08369769713810361
-0.03725088813921784
-0.11779978261722418
0.045384996882370306
-0.09525103898595899
-0.008258113141355355
-0.13509327669489934
-0.484158461872553
-0.011770244234137885
0.0
-0.009855971576993586
-0.04302927776158482
0.16171361352601604
-0.04669341641329078
-0.07786098665674396
-0.09103489992818004
-0.08579702807209613
0.03515099305141056
0.05199355524431082
-0.0024667084391294253
0.12271226771535955
0.0638040479071994
-0.008379806719933797
-0.019870915000338746
0.10015412698364379
0.035965546350783015
-0.055234844168057705
-0.01938697426580566
-0.09828417448234893
0.03162298354442709
-0.0227263197273973
-0.11869634169427497
0.02716784623629955
0.09158784236576381
-0.24034930247528277
-0.40986664126858596
-0.03286115737237882
0.009301506014844906
0.003170472206478686
-0.07603731399910325
0.12136516225724772
0.026868187432500263
-0.11393804819631827
0.03798010253013996
-0.060882331958376376
-0.09673497664984573
0.07798276256280734
0.1200329713155429
0.10783926453663972
-0.022488652432357308
-0.07361042364738421
0.0243704249625482
-0.028827150286057736
-0.023829212759653145
-0.004902042562069788
0.00279348060370816
-0.03761518290223021
0.003067919330987023
-0.01075066634476765
-0.01658076242870249
0.031254280269480586
-0.28265684361904864
0.0028121491445539893
-0.011214650463129167
-0.06153112566831984
-0.0005110694036606559
0.0031972439203087556
0.064993067526351
-0.05807790184815021
0.010262595846115899
-0.04490015894305602
-0.02942480203087673
-0.07869166395456272
0.059705390236801194
-0.05494813135834052
0.048733547579302657
-0.010386653487764337
0.04273449686581897
-0.2415220608026973
-0.04037857516054693
-0.03941745371931527
0.016017484295619076
-0.03654713047991248
-0.03653884825540328
-0.013237779034779238
-0.0602141022845473
-0.09636264830554606
0.00354763484148226
-0.03922966950555655
-0.1128715384476361
-0.2216183403350447
-0.06749311067470519
-0.02444410176921492
0.0
-0.005488531077948814
0.07802018532701387
0.07245164987531959
-0.13670864633594793
0.07976512483947185
-0.08060987892123468
0.014477394652624525
-0.018590382631009095
-0.07008224687121103
-0.02112019551326272
-0.09945804673785258
0.004126462796862373
0.027459891985919985
-0.07627655939360072
0.02019873658979604
-0.06179260074036385
-0.06786134422234513
-0.06332058462629356
-0.05468609470674969
-0.06296672231437257
-0.0672687913546508
0.048826665249772416
-0.09169635709821514
-0.06855784663688767
-0.08265722554063412
-0.0702564650429073
-0.003874179283771324
-0.0007397273464286007
0.004873768427903842
0.03744833823714909
-0.1264626189480613
-0.08897513033879245
-0.019750154391703845
0.025118320623853028
0.045027604631789495
-0.04351568206218989
-0.056950060932252924
-0.06608198366272552
-0.0424250048531731
0.030239884466872317
-0.013091048260286956
-0.026574046448448022
-0.10043306929264355
0.008161154337503097
0.005038988059835635
-0.003291987776455356
0.011926932279580985
0.05056833878778257
-0.13200936536641103
0.00199092727377729
0.005585678078038772
-0.12485452388397716
-0.2824264107819191
-0.1305335068785702
-0.002801996414948071
-0.0007166108668527171
0.001730572668590312
-0.001080718927699201
-0.015302719784605736
0.052493133944808826
-0.07412910259656164
-0.008866274211801202
-0.07828740868687176
-0.014457263744959292
-0.10854093204271262
0.02159586489250814
-0.0017841704761107093
0.04688062478256991
-0.013288549692681837
-0.005454199173862925
-0.05185988179607437
0.0023715183192224635
-0.03164796860470481
0.010218246902643379
-0.13599503102902258
-0.049430597710626634
-0.01762793655366449
-0.048808414895486193
-0.10254669054791873
-0.05992686758780296
-0.19100618049099
-0.071978772730833
-0.005172916458365651
0.0
0.0
0.0172225333699701
0.06834959606420316
0.007800814094584398
0.029043743717610218
-0.003149563503379826
-0.11885092552991748
0.05164389025531325
-0.08507593832504484
-0.01853629447788367
-0.02660292796950187
-0.008581613906581631
0.0326173129712099
0.03605143590132183
-0.1025077286964449
-0.05737930264228823
-0.014237056468404927
0.034673826056126435
0.012286437824001468
0.029618797863983103
-0.017374519516368623
-0.04548470039284368
0.13643613761798284
0.04245837248597206
-0.040154559058287125
-0.05619965906764757
0.0
0.0
0.0
0.024408845590496466
-0.15314324727413206
-0.11813733684924367
0.09387420648519901
-0.30794573724272034
0.09118310878763358
-0.0008475733111449322
-0.015565361360083968
0.06559689570550241
0.006379773037762028
0.009347644611904285
0.00983577196394163
0.01103183745760128
0.014317866365999245
0.04375713989288119
-0.02802103916033294
-0.08387681134072866
0.07900419556899078
0.13904234254625394
0.14967602561987114
0.10807224339796023
0.43631370971400135
-0.10788099402055028
-0.0878125604223107
-0.018695693935220414
0.0
0.0
0.0
0.0030580201289072137
0.011611153019182151
0.09566131062720526
0.6141275751860419
0.3721963883456037
0.5128070418126996
0.22679919059375891
0.27132918091951547
0.30017651713602184
0.2284619261464375
0.3303400857426117
0.23833297545301396
0.22036400792179406
0.3241387825304319
0.4010954660886039
0.548871109125696
0.6408873165872319
0.5262623853104516
0.8255684484296344
0.8765859883589526
0.3517112661331363
0.4412373888831612
0.12365431402966506
0.006303115760278687
-0.017269289150170793
0.0
0.0
0.0
0.0
0.020529486843549365
0.23370995542932116
0.33293949240903953
0.22794134197021734
0.30792568884105154
0.23958117863985268
0.43233616488373916
0.13988855740141243
0.3303034200662846
0.27544527557833576
0.35478075891138294
0.5155805668377792
0.31214260945522304
0.4254421246416633
0.22452399411162074
0.3333309420376999
0.19681352042350236
0.32114753802912865
0.2176225971692161
0.2216933122624489
0.07479227701477952
0.0027933113376716976
0.002152101232664962
0.0
0.0
0.0
0.0
0.0
0.0
-0.0025351892473064494
-0.026839595574520158
-0.001664111148205898
0.029210971210641125
0.024805001787797317
0.06856721446111305
0.05705845469694963
0.0149719001202095
0.05608493815255651
-0.08521358464156881
0.07714605548145351
-0.00891265552948599
-0.14557069149781454
-0.1187653295756267
-0.13773623252821476
-0.1363410083540806
-0.014429534443629096
0.01978287841245332
0.09424545991088863
0.012019823399585529
0.0
0.0
0.0
0.0
-0.8739519191514656